d1  2         2            1         0       0
d2  2         2            1         1       0
d3  1  	      2            1         0       1
d4  0         1            1         0       1
d5  0         0            0         0       1
d6  0         0            0         1       0
d7  1  	      0            0         1       1
d8  2         1            1         0       0
d9  2         0            0         0       1
d10 0         1            0         0       1
d11 2         1            0         1       1
d12 1  	      1            1         1       1
d13 1         2            0         0       1
d14 0         1            1         1       0
